[IMG20181217212330.jpg]
text=1;137;11;Abdala Foad;Algerian;0.309735,0.057028,0.033333,0.000000;v1,4294967295,4279724903,128.000000,1.000000,0.250000,1.000000,400,514,49160;;
backuphash=31536
textactive=1
